59 2596 2733 2869 3006 3142 3279 3416 3552 3689 3825 3962 4098 4235 4325:1008 46
45 4781 4918 5055 5191 5328 5464 5601 5738 5874 6011 6147 6284 6420 6557 6694 68
30 6967 7103 7240 7377 7513 7650 7786 7923 8060 8196 8333 8469 8606 8742 8879 90
16 9152 9289 9425 9562 9699 9835 9972 10108 10245 10382 10518 10655 10791 10928
11064 11201 11338 11474 11611 11747 11884 12021 12157 12294 12430 12567 12704 12
840 12977 13113 13250 13386 13523 13660 13796 13933 14069 14206 14343 14479 1461
6 14752 14889 15026 15162 15299 15435 15572 15708 15845 15982 16118 16255 16391
16528 16665 16801 16938 17074 17211 17348 17484 17621 17757 17894 18030 18167 18
304 18440 18577 18713 18850 18987 19123 19260 19396 19533 19670 19806 19943 2007
9 20216 20353 20489 20626 20762 20899 21035 21172 21309 21445 21582 21718 21855
21992 22128 22265 22401 22538 22675 22811 22948 23084 23221 23357 23494 23631 23
767 23904 24040 24177 24314 24450 24587 24723 24860 24997 25133 25270 25406 2554
3 25679 25816 25953 26089 26226 26362 26499 26636 26772 26909 27045 27182

Press F12 for boot menu.
Kernel Loaded!    Entering user mode...
Hi! Welcome User!py...
We're going to generate a bad descriptor file error... watch out
Done! What does perror say?......
This is Perror, reporting in:
Bad file descriptor


Number of clock ticks:
137 274 411 547 684 820 957 1094 1230 1367 1503 1640 1777 1913 2050 2186 2323 24
